================================================================================
Matrix-Vector Multiplication Results (Floating Point)
================================================================================

Input Vector (8 elements):
  [0.5   0.125 0.25  1.    0.625 0.5   0.125 0.25 ]

Weight Matrix Shape: (376, 8)

Output Results (376 elements):
================================================================================

Row    Result (Float)       Q8.8 Fixed      Hex (Q8.8)     
-----------------------------------------------------------------
0      -0.0460946250        -12             0xFFF4         
1      -0.0759743750        -19             0xFFED         
2      0.2215108750         57              0x0039         
3      0.0488971250         13              0x000D         
4      -0.0522938750        -13             0xFFF3         
5      -0.0127048750        -3              0xFFFD         
6      0.1135450000         29              0x001D         
7      -0.0720987500        -18             0xFFEE         
8      -0.0240541250        -6              0xFFFA         
9      -0.1420736250        -36             0xFFDC         
10     0.0771705000         20              0x0014         
11     0.1431065000         37              0x0025         
12     -0.0542143750        -14             0xFFF2         
13     -0.0265252500        -7              0xFFF9         
14     -0.0488735000        -13             0xFFF3         
15     -0.0295691250        -8              0xFFF8         
16     -0.0472648750        -12             0xFFF4         
17     -0.0500212500        -13             0xFFF3         
18     0.1623322500         42              0x002A         
19     0.0759910000         19              0x0013         
20     -0.0082075000        -2              0xFFFE         
21     -0.0317978750        -8              0xFFF8         
22     -0.0330870000        -8              0xFFF8         
23     0.0361023750         9               0x0009         
24     0.0441838750         11              0x000B         
25     -0.0340048750        -9              0xFFF7         
26     0.1005390000         26              0x001A         
27     -0.0089130000        -2              0xFFFE         
28     0.0769272500         20              0x0014         
29     0.1275152500         33              0x0021         
30     0.0495780000         13              0x000D         
31     0.0771238750         20              0x0014         
32     0.1331578750         34              0x0022         
33     -0.0264233750        -7              0xFFF9         
34     0.0093016250         2               0x0002         
35     0.0766680000         20              0x0014         
36     0.1263568750         32              0x0020         
37     0.0866553750         22              0x0016         
38     0.0111035000         3               0x0003         
39     0.0489168750         13              0x000D         
40     -0.0223730000        -6              0xFFFA         
41     -0.0197785000        -5              0xFFFB         
42     -0.0095110000        -2              0xFFFE         
43     0.0126025000         3               0x0003         
44     0.1803037500         46              0x002E         
45     0.0641496250         16              0x0010         
46     0.0094793750         2               0x0002         
47     -0.0358566250        -9              0xFFF7         
48     -0.0378233750        -10             0xFFF6         
49     -0.1505207500        -39             0xFFD9         
50     0.0420452500         11              0x000B         
51     0.1524066250         39              0x0027         
52     0.0755575000         19              0x0013         
53     0.0848967500         22              0x0016         
54     0.0188072500         5               0x0005         
55     0.0212807500         5               0x0005         
56     -0.0614773750        -16             0xFFF0         
57     0.0226261250         6               0x0006         
58     0.0769635000         20              0x0014         
59     0.0048583750         1               0x0001         
60     -0.1014070000        -26             0xFFE6         
61     -0.0586708750        -15             0xFFF1         
62     0.1218907500         31              0x001F         
63     0.0913110000         23              0x0017         
64     0.0467683750         12              0x000C         
65     -0.0491033750        -13             0xFFF3         
66     -0.0633000000        -16             0xFFF0         
67     0.1031163750         26              0x001A         
68     0.0463025000         12              0x000C         
69     0.0249332500         6               0x0006         
70     -0.0771883750        -20             0xFFEC         
71     0.1237520000         32              0x0020         
72     0.1141785000         29              0x001D         
73     0.1357137500         35              0x0023         
74     0.0900437500         23              0x0017         
75     0.0367435000         9               0x0009         
76     0.1993385000         51              0x0033         
77     -0.1413456250        -36             0xFFDC         
78     0.0934757500         24              0x0018         
79     -0.1426811250        -37             0xFFDB         
80     0.1008063750         26              0x001A         
81     -0.0441630000        -11             0xFFF5         
82     -0.0423097500        -11             0xFFF5         
83     -0.0953876250        -24             0xFFE8         
84     -0.0396656250        -10             0xFFF6         
85     0.2207086250         57              0x0039         
86     -0.1614102500        -41             0xFFD7         
87     0.0314531250         8               0x0008         
88     0.0465793750         12              0x000C         
89     -0.1193418750        -31             0xFFE1         
90     0.1113383750         29              0x001D         
91     0.0134906250         3               0x0003         
92     -0.0890591250        -23             0xFFE9         
93     -0.0785888750        -20             0xFFEC         
94     0.0240775000         6               0x0006         
95     0.0595721250         15              0x000F         
96     -0.0798367500        -20             0xFFEC         
97     -0.0046141250        -1              0xFFFF         
98     0.0158643750         4               0x0004         
99     -0.0130582500        -3              0xFFFD         
100    -0.0014502500        0               0x0000         
101    0.0421700000         11              0x000B         
102    -0.1680211250        -43             0xFFD5         
103    -0.1242942500        -32             0xFFE0         
104    -0.1341732500        -34             0xFFDE         
105    0.1040853750         27              0x001B         
106    -0.0333076250        -9              0xFFF7         
107    0.0058727500         2               0x0002         
108    0.0034846250         1               0x0001         
109    -0.0339353750        -9              0xFFF7         
110    -0.1203723750        -31             0xFFE1         
111    0.1313027500         34              0x0022         
112    -0.0524066250        -13             0xFFF3         
113    0.0017732500         0               0x0000         
114    0.0296023750         8               0x0008         
115    0.0015662500         0               0x0000         
116    -0.0686517500        -18             0xFFEE         
117    0.0776156250         20              0x0014         
118    0.0464225000         12              0x000C         
119    -0.0438717500        -11             0xFFF5         
120    0.0949373750         24              0x0018         
121    0.0746407500         19              0x0013         
122    0.0108006250         3               0x0003         
123    0.0190456250         5               0x0005         
124    0.0335793750         9               0x0009         
125    0.1052217500         27              0x001B         
126    -0.0663495000        -17             0xFFEF         
127    0.1272567500         33              0x0021         
128    0.0561646250         14              0x000E         
129    0.0551092500         14              0x000E         
130    0.1066902500         27              0x001B         
131    0.0532973750         14              0x000E         
132    0.0056367500         1               0x0001         
133    0.0637981250         16              0x0010         
134    -0.0619797500        -16             0xFFF0         
135    -0.0316651250        -8              0xFFF8         
136    -0.0329993750        -8              0xFFF8         
137    -0.0517478750        -13             0xFFF3         
138    -0.0363121250        -9              0xFFF7         
139    -0.0496366250        -13             0xFFF3         
140    0.0289976250         7               0x0007         
141    0.0186307500         5               0x0005         
142    0.1253472500         32              0x0020         
143    0.0579543750         15              0x000F         
144    0.1287248750         33              0x0021         
145    -0.1605778750        -41             0xFFD7         
146    -0.0096528750        -2              0xFFFE         
147    -0.0586637500        -15             0xFFF1         
148    0.0359635000         9               0x0009         
149    0.0864273750         22              0x0016         
150    -0.0384902500        -10             0xFFF6         
151    -0.0624813750        -16             0xFFF0         
152    0.0286416250         7               0x0007         
153    -0.0465333750        -12             0xFFF4         
154    0.0426601250         11              0x000B         
155    -0.1447732500        -37             0xFFDB         
156    -0.1153786250        -30             0xFFE2         
157    0.0344213750         9               0x0009         
158    -0.0161693750        -4              0xFFFC         
159    0.0746196250         19              0x0013         
160    0.0975218750         25              0x0019         
161    0.0326748750         8               0x0008         
162    -0.0275028750        -7              0xFFF9         
163    -0.0862558750        -22             0xFFEA         
164    -0.1128457500        -29             0xFFE3         
165    -0.1586170000        -41             0xFFD7         
166    0.1430615000         37              0x0025         
167    -0.0329836250        -8              0xFFF8         
168    0.1337957500         34              0x0022         
169    -0.0346508750        -9              0xFFF7         
170    -0.1265655000        -32             0xFFE0         
171    -0.1205622500        -31             0xFFE1         
172    0.0033126250         1               0x0001         
173    0.0323967500         8               0x0008         
174    0.1113003750         28              0x001C         
175    -0.1292932500        -33             0xFFDF         
176    -0.1055315000        -27             0xFFE5         
177    -0.1028851250        -26             0xFFE6         
178    0.0645073750         17              0x0011         
179    0.0511591250         13              0x000D         
180    -0.0215212500        -6              0xFFFA         
181    -0.0854320000        -22             0xFFEA         
182    0.1414011250         36              0x0024         
183    0.0054402500         1               0x0001         
184    -0.0125930000        -3              0xFFFD         
185    -0.1393253750        -36             0xFFDC         
186    -0.0875047500        -22             0xFFEA         
187    0.0295680000         8               0x0008         
188    0.0108916250         3               0x0003         
189    0.0013418750         0               0x0000         
190    -0.1908180000        -49             0xFFCF         
191    -0.0621340000        -16             0xFFF0         
192    0.0671798750         17              0x0011         
193    -0.1060931250        -27             0xFFE5         
194    0.1268656250         32              0x0020         
195    -0.0896237500        -23             0xFFE9         
196    0.0199920000         5               0x0005         
197    -0.1309731250        -34             0xFFDE         
198    0.0080607500         2               0x0002         
199    0.0279981250         7               0x0007         
200    -0.1561766250        -40             0xFFD8         
201    -0.0397242500        -10             0xFFF6         
202    -0.0256526250        -7              0xFFF9         
203    -0.0922540000        -24             0xFFE8         
204    0.0990433750         25              0x0019         
205    -0.0180232500        -5              0xFFFB         
206    -0.0567170000        -15             0xFFF1         
207    0.0572075000         15              0x000F         
208    0.1758900000         45              0x002D         
209    -0.0314965000        -8              0xFFF8         
210    0.1069605000         27              0x001B         
211    0.1189732500         30              0x001E         
212    0.1306001250         33              0x0021         
213    0.1100990000         28              0x001C         
214    -0.0605766250        -16             0xFFF0         
215    -0.0371820000        -10             0xFFF6         
216    0.0739408750         19              0x0013         
217    0.1297077500         33              0x0021         
218    0.1020831250         26              0x001A         
219    -0.0638821250        -16             0xFFF0         
220    -0.1069667500        -27             0xFFE5         
221    -0.1213847500        -31             0xFFE1         
222    -0.1228757500        -31             0xFFE1         
223    -0.0195218750        -5              0xFFFB         
224    0.0816410000         21              0x0015         
225    -0.0536461250        -14             0xFFF2         
226    -0.0484752500        -12             0xFFF4         
227    -0.0132633750        -3              0xFFFD         
228    -0.0516877500        -13             0xFFF3         
229    -0.0324016250        -8              0xFFF8         
230    0.0456282500         12              0x000C         
231    -0.0547566250        -14             0xFFF2         
232    0.1696100000         43              0x002B         
233    0.1638787500         42              0x002A         
234    -0.0259185000        -7              0xFFF9         
235    0.0502973750         13              0x000D         
236    -0.2061267500        -53             0xFFCB         
237    -0.0046136250        -1              0xFFFF         
238    0.0802326250         21              0x0015         
239    0.0738325000         19              0x0013         
240    -0.1797930000        -46             0xFFD2         
241    0.0248403750         6               0x0006         
242    0.0203203750         5               0x0005         
243    0.1469392500         38              0x0026         
244    -0.0027406250        -1              0xFFFF         
245    0.1131880000         29              0x001D         
246    -0.1047168750        -27             0xFFE5         
247    -0.0211362500        -5              0xFFFB         
248    0.0685200000         18              0x0012         
249    -0.0359017500        -9              0xFFF7         
250    -0.1684388750        -43             0xFFD5         
251    0.0357476250         9               0x0009         
252    0.1020682500         26              0x001A         
253    0.1011615000         26              0x001A         
254    -0.0560791250        -14             0xFFF2         
255    -0.1002313750        -26             0xFFE6         
256    -0.0253355000        -6              0xFFFA         
257    -0.1330416250        -34             0xFFDE         
258    -0.1622276250        -42             0xFFD6         
259    0.0737098750         19              0x0013         
260    0.0766220000         20              0x0014         
261    -0.0367576250        -9              0xFFF7         
262    -0.0365992500        -9              0xFFF7         
263    0.0169743750         4               0x0004         
264    -0.1055391250        -27             0xFFE5         
265    0.0204495000         5               0x0005         
266    -0.0936275000        -24             0xFFE8         
267    -0.0473427500        -12             0xFFF4         
268    0.0615086250         16              0x0010         
269    0.0477657500         12              0x000C         
270    -0.1002982500        -26             0xFFE6         
271    0.0949627500         24              0x0018         
272    -0.0018141250        0               0x0000         
273    -0.0405725000        -10             0xFFF6         
274    -0.1631718750        -42             0xFFD6         
275    0.0683168750         17              0x0011         
276    -0.0153527500        -4              0xFFFC         
277    0.0332411250         9               0x0009         
278    -0.1137632500        -29             0xFFE3         
279    0.0273010000         7               0x0007         
280    0.0244635000         6               0x0006         
281    0.0527040000         13              0x000D         
282    0.1155543750         30              0x001E         
283    0.0039070000         1               0x0001         
284    -0.0030703750        -1              0xFFFF         
285    -0.0806670000        -21             0xFFEB         
286    -0.0764586250        -20             0xFFEC         
287    -0.0677856250        -17             0xFFEF         
288    0.0161781250         4               0x0004         
289    -0.0167431250        -4              0xFFFC         
290    -0.0754698750        -19             0xFFED         
291    -0.1810581250        -46             0xFFD2         
292    -0.1740852500        -45             0xFFD3         
293    0.0363037500         9               0x0009         
294    -0.0809215000        -21             0xFFEB         
295    -0.0822121250        -21             0xFFEB         
296    0.1202623750         31              0x001F         
297    0.0490918750         13              0x000D         
298    -0.0470472500        -12             0xFFF4         
299    0.0138660000         4               0x0004         
300    0.0517332500         13              0x000D         
301    0.1253850000         32              0x0020         
302    0.1468910000         38              0x0026         
303    -0.1188435000        -30             0xFFE2         
304    -0.1507366250        -39             0xFFD9         
305    0.0239318750         6               0x0006         
306    -0.0294108750        -8              0xFFF8         
307    0.0802497500         21              0x0015         
308    -0.0785063750        -20             0xFFEC         
309    0.0067491250         2               0x0002         
310    -0.0431572500        -11             0xFFF5         
311    0.0683266250         17              0x0011         
312    0.1181691250         30              0x001E         
313    0.1210116250         31              0x001F         
314    0.0122056250         3               0x0003         
315    0.0234123750         6               0x0006         
316    -0.0261480000        -7              0xFFF9         
317    -0.0324217500        -8              0xFFF8         
318    0.2204795000         56              0x0038         
319    0.1941770000         50              0x0032         
320    0.1844761250         47              0x002F         
321    -0.0638421250        -16             0xFFF0         
322    -0.0393197500        -10             0xFFF6         
323    0.0628856250         16              0x0010         
324    -0.1130371250        -29             0xFFE3         
325    -0.1577358750        -40             0xFFD8         
326    0.1910116250         49              0x0031         
327    -0.0232140000        -6              0xFFFA         
328    0.0241571250         6               0x0006         
329    -0.0903963750        -23             0xFFE9         
330    0.0702778750         18              0x0012         
331    0.0476037500         12              0x000C         
332    0.0738447500         19              0x0013         
333    0.1226102500         31              0x001F         
334    0.1157378750         30              0x001E         
335    0.1275778750         33              0x0021         
336    0.0442478750         11              0x000B         
337    0.1642133750         42              0x002A         
338    0.0986846250         25              0x0019         
339    0.0406113750         10              0x000A         
340    -0.0175432500        -4              0xFFFC         
341    -0.0297360000        -8              0xFFF8         
342    -0.0272757500        -7              0xFFF9         
343    -0.0787957500        -20             0xFFEC         
344    -0.0022967500        -1              0xFFFF         
345    0.0525205000         13              0x000D         
346    0.0892873750         23              0x0017         
347    -0.0629118750        -16             0xFFF0         
348    0.0011707500         0               0x0000         
349    -0.0609356250        -16             0xFFF0         
350    -0.0794161250        -20             0xFFEC         
351    -0.0110278750        -3              0xFFFD         
352    -0.0521012500        -13             0xFFF3         
353    0.0393318750         10              0x000A         
354    0.1266238750         32              0x0020         
355    0.0068447500         2               0x0002         
356    0.1790741250         46              0x002E         
357    -0.1336916250        -34             0xFFDE         
358    -0.1035116250        -26             0xFFE6         
359    0.0236402500         6               0x0006         
360    0.0526790000         13              0x000D         
361    0.1376722500         35              0x0023         
362    0.0489587500         13              0x000D         
363    0.0632795000         16              0x0010         
364    0.0609557500         16              0x0010         
365    -0.0708317500        -18             0xFFEE         
366    0.0820146250         21              0x0015         
367    0.0515497500         13              0x000D         
368    -0.0646296250        -17             0xFFEF         
369    -0.0057131250        -1              0xFFFF         
370    0.0361045000         9               0x0009         
371    0.0928620000         24              0x0018         
372    0.0734768750         19              0x0013         
373    -0.0086605000        -2              0xFFFE         
374    -0.1474290000        -38             0xFFDA         
375    0.0419767500         11              0x000B         

================================================================================
Summary Statistics:
================================================================================
Minimum Result: -0.2061267500
Maximum Result: 0.2215108750
Mean Result:    0.0062618434
Std Deviation:  0.0870545798
