Weight Matrix (376x8)
================================================================================

Row   0:  -0.016785  -0.010756  -0.010401  -0.031363  -0.003831   0.000000   0.000000   0.000000 
Row   1:  -0.044634  -0.078699  -0.042374  -0.094749   0.098436   0.000000   0.000000   0.000000 
Row   2:   0.134241   0.065419   0.039330   0.043748   0.148212   0.000000   0.000000   0.000000 
Row   3:   0.054060   0.050823   0.028079  -0.042043   0.080860   0.000000   0.000000   0.000000 
Row   4:  -0.113013  -0.070617  -0.008969   0.038387  -0.036968   0.000000   0.000000   0.000000 
Row   5:   0.079044   0.031705  -0.008210   0.004005  -0.093028   0.000000   0.000000   0.000000 
Row   6:  -0.007421   0.108657   0.047583   0.085022   0.010809   0.000000   0.000000   0.000000 
Row   7:  -0.063211   0.042722   0.085307  -0.080779   0.021790   0.000000   0.000000   0.000000 
Row   8:   0.073930   0.024580  -0.003174  -0.067985   0.007499   0.000000   0.000000   0.000000 
Row   9:  -0.032233   0.083244  -0.042329  -0.103301  -0.035967   0.000000   0.000000   0.000000 
Row  10:   0.054591  -0.005534  -0.074893   0.073745  -0.007128   0.000000   0.000000   0.000000 
Row  11:  -0.000915  -0.052943   0.013530   0.075470   0.114127   0.000000   0.000000   0.000000 
Row  12:   0.027757  -0.026157  -0.045510  -0.103987   0.080866   0.000000   0.000000   0.000000 
Row  13:  -0.118491   0.066445   0.001568  -0.044948   0.110353   0.000000   0.000000   0.000000 
Row  14:  -0.010613   0.037720  -0.118211  -0.019188   0.000734   0.000000   0.000000   0.000000 
Row  15:  -0.047801   0.073836  -0.099297   0.016843  -0.011067   0.000000   0.000000   0.000000 
Row  16:  -0.099898  -0.035450  -0.050173   0.011103   0.013689   0.000000   0.000000   0.000000 
Row  17:  -0.060504  -0.040965   0.016731   0.041618  -0.096719   0.000000   0.000000   0.000000 
Row  18:   0.107053   0.070714   0.006517   0.026786   0.114482   0.000000   0.000000   0.000000 
Row  19:   0.006052  -0.040468  -0.025338   0.050583   0.054040   0.000000   0.000000   0.000000 
Row  20:  -0.037197   0.088429   0.038545   0.004473  -0.023635   0.000000   0.000000   0.000000 
Row  21:  -0.061464   0.015332  -0.005133  -0.054096   0.083835   0.000000   0.000000   0.000000 
Row  22:   0.032483  -0.021783  -0.279254   0.061931  -0.061957   0.000000   0.000000   0.000000 
Row  23:   0.047930   0.011738   0.016769   0.030781  -0.038885   0.000000   0.000000   0.000000 
Row  24:  -0.035302   0.011641  -0.021209   0.026762   0.062272   0.000000   0.000000   0.000000 
Row  25:  -0.060021  -0.007932   0.083577  -0.006564  -0.027733   0.000000   0.000000   0.000000 
Row  26:   0.079573   0.028255  -0.145023   0.081427   0.019279   0.000000   0.000000   0.000000 
Row  27:   0.014387  -0.043948   0.170246  -0.026272  -0.043044   0.000000   0.000000   0.000000 
Row  28:   0.024598  -0.025765  -0.013838   0.027709   0.069759   0.000000   0.000000   0.000000 
Row  29:   0.113200  -0.045049  -0.071938   0.058094   0.058299   0.000000   0.000000   0.000000 
Row  30:   0.024689   0.082264  -0.010680   0.018858   0.017220   0.000000   0.000000   0.000000 
Row  31:   0.134832  -0.061214   0.012835   0.012074   0.003323   0.000000   0.000000   0.000000 
Row  32:   0.126466   0.126145   0.029481  -0.021046   0.108532   0.000000   0.000000   0.000000 
Row  33:  -0.055492   0.026548  -0.100918  -0.028977   0.083537   0.000000   0.000000   0.000000 
Row  34:  -0.084117   0.039026   0.086975  -0.026040   0.081245   0.000000   0.000000   0.000000 
Row  35:  -0.078281  -0.051642  -0.025796   0.090284   0.061486   0.000000   0.000000   0.000000 
Row  36:   0.125654   0.066933  -0.003331  -0.047529   0.165640   0.000000   0.000000   0.000000 
Row  37:   0.001158   0.016004   0.062241   0.081600  -0.020935   0.000000   0.000000   0.000000 
Row  38:   0.116774  -0.025637  -0.047564  -0.062051   0.047781   0.000000   0.000000   0.000000 
Row  39:   0.017642   0.015489   0.009477   0.003868   0.051076   0.000000   0.000000   0.000000 
Row  40:  -0.079778  -0.036100   0.045741   0.051992  -0.066238   0.000000   0.000000   0.000000 
Row  41:  -0.031286  -0.110244   0.026068   0.030018  -0.043024   0.000000   0.000000   0.000000 
Row  42:   0.050608  -0.065935  -0.052420   0.006175  -0.031429   0.000000   0.000000   0.000000 
Row  43:   0.120762   0.079533  -0.016874  -0.041906  -0.018553   0.000000   0.000000   0.000000 
Row  44:   0.094927   0.037865  -0.055024   0.049785   0.147325   0.000000   0.000000   0.000000 
Row  45:   0.073522  -0.054587   0.031127   0.022634   0.006074   0.000000   0.000000   0.000000 
Row  46:   0.053574   0.029408  -0.017887  -0.079025   0.100021   0.000000   0.000000   0.000000 
Row  47:  -0.024054   0.104995   0.008222  -0.077507   0.061596   0.000000   0.000000   0.000000 
Row  48:   0.014121   0.016492   0.082325  -0.039466  -0.044897   0.000000   0.000000   0.000000 
Row  49:  -0.029553  -0.036455  -0.028161  -0.089004  -0.056229   0.000000   0.000000   0.000000 
Row  50:   0.154173  -0.056963   0.073982  -0.034497  -0.019071   0.000000   0.000000   0.000000 
Row  51:   0.162884  -0.049614   0.082321   0.020208   0.058205   0.000000   0.000000   0.000000 
Row  52:   0.127973   0.034980  -0.039872  -0.040056   0.091556   0.000000   0.000000   0.000000 
Row  53:  -0.046693  -0.097513   0.028777   0.055845   0.091829   0.000000   0.000000   0.000000 
Row  54:  -0.043843  -0.037341  -0.053450  -0.002633   0.098227   0.000000   0.000000   0.000000 
Row  55:  -0.010091  -0.099347  -0.069537  -0.050838   0.171147   0.000000   0.000000   0.000000 
Row  56:  -0.052216   0.052445  -0.099143   0.029772  -0.075058   0.000000   0.000000   0.000000 
Row  57:   0.085674  -0.009417  -0.008985   0.005695  -0.035972   0.000000   0.000000   0.000000 
Row  58:  -0.039151   0.088573   0.114617   0.073405  -0.026547   0.000000   0.000000   0.000000 
Row  59:   0.015752   0.035635  -0.120012   0.019766   0.004424   0.000000   0.000000   0.000000 
Row  60:   0.039630   0.042533  -0.057073  -0.096301  -0.025551   0.000000   0.000000   0.000000 
Row  61:   0.087635  -0.037916  -0.068498  -0.104510   0.038217   0.000000   0.000000   0.000000 
Row  62:   0.037926   0.032358  -0.075949   0.118014  -0.000230   0.000000   0.000000   0.000000 
Row  63:   0.093902   0.076835   0.010682  -0.046858   0.126309   0.000000   0.000000   0.000000 
Row  64:   0.050545  -0.040050   0.008262  -0.000014   0.039121   0.000000   0.000000   0.000000 
Row  65:  -0.088083  -0.026953   0.004108  -0.055016   0.083674   0.000000   0.000000   0.000000 
Row  66:   0.038698  -0.008641  -0.087240  -0.017127  -0.068211   0.000000   0.000000   0.000000 
Row  67:   0.077161   0.058299   0.076335  -0.067824   0.169582   0.000000   0.000000   0.000000 
Row  68:   0.032913  -0.025415   0.191430  -0.007639  -0.011513   0.000000   0.000000   0.000000 
Row  69:  -0.057063   0.005719  -0.066738   0.063170   0.010023   0.000000   0.000000   0.000000 
Row  70:   0.056725  -0.007579   0.000130  -0.084811  -0.031720   0.000000   0.000000   0.000000 
Row  71:   0.118773  -0.081157  -0.014011  -0.013084   0.145755   0.000000   0.000000   0.000000 
Row  72:   0.128318  -0.074048   0.017959  -0.005213   0.095998   0.000000   0.000000   0.000000 
Row  73:   0.034163   0.104398   0.064633   0.054708   0.055546   0.000000   0.000000   0.000000 
Row  74:  -0.077120  -0.088565  -0.082255   0.079520   0.129149   0.000000   0.000000   0.000000 
Row  75:  -0.072719   0.113976  -0.017738   0.096908  -0.053788   0.000000   0.000000   0.000000 
Row  76:   0.059830   0.092677  -0.022113   0.089794   0.117717   0.000000   0.000000   0.000000 
Row  77:  -0.061114   0.041839  -0.042555  -0.072631  -0.052398   0.000000   0.000000   0.000000 
Row  78:   0.007552  -0.073886   0.092539   0.014427   0.098198   0.000000   0.000000   0.000000 
Row  79:  -0.081035  -0.060231  -0.004559  -0.070020  -0.037560   0.000000   0.000000   0.000000 
Row  80:   0.050767   0.104405   0.026089   0.007415   0.077496   0.000000   0.000000   0.000000 
Row  81:   0.003311   0.026353   0.026671  -0.072771   0.027185   0.000000   0.000000   0.000000 
Row  82:  -0.067364  -0.087650  -0.008154   0.051497  -0.075408   0.000000   0.000000   0.000000 
Row  83:  -0.066263   0.031281  -0.091502   0.036933  -0.128358   0.000000   0.000000   0.000000 
Row  84:   0.076914   0.040245  -0.059980  -0.055612  -0.020074   0.000000   0.000000   0.000000 
Row  85:   0.145876   0.066379  -0.095049   0.116428   0.074892   0.000000   0.000000   0.000000 
Row  86:  -0.043122  -0.029697   0.114320  -0.095884  -0.110133   0.000000   0.000000   0.000000 
Row  87:  -0.094378   0.017501   0.061526   0.084158  -0.036936   0.000000   0.000000   0.000000 
Row  88:   0.091979   0.051679  -0.091329   0.015871   0.001746   0.000000   0.000000   0.000000 
Row  89:  -0.041225   0.033136   0.080525  -0.080422  -0.068129   0.000000   0.000000   0.000000 
Row  90:   0.012618   0.064756   0.044237   0.022100   0.102041   0.000000   0.000000   0.000000 
Row  91:  -0.047483   0.009495   0.118183   0.010662  -0.006660   0.000000   0.000000   0.000000 
Row  92:   0.088570  -0.028410  -0.066346  -0.118832   0.009001   0.000000   0.000000   0.000000 
Row  93:  -0.039149  -0.013318  -0.058347  -0.069366   0.042565   0.000000   0.000000   0.000000 
Row  94:  -0.074580  -0.060425  -0.021183   0.029652   0.071303   0.000000   0.000000   0.000000 
Row  95:  -0.037783   0.001355   0.136773   0.057836  -0.021976   0.000000   0.000000   0.000000 
Row  96:  -0.062232  -0.100299   0.001458   0.005464  -0.067219   0.000000   0.000000   0.000000 
Row  97:  -0.000443   0.027070   0.057728   0.020206  -0.067863   0.000000   0.000000   0.000000 
Row  98:   0.054424  -0.104401  -0.034194   0.022646  -0.019832   0.000000   0.000000   0.000000 
Row  99:  -0.042504   0.093022   0.011669  -0.038900   0.052078   0.000000   0.000000   0.000000 
Row 100:  -0.039198  -0.025137   0.015680   0.032774  -0.024645   0.000000   0.000000   0.000000 
Row 101:   0.043286   0.023064   0.014357  -0.027464   0.066430   0.000000   0.000000   0.000000 
Row 102:  -0.073585  -0.129020   0.040109  -0.139944   0.023705   0.000000   0.000000   0.000000 
Row 103:  -0.038040   0.074843   0.079163  -0.076306  -0.092983   0.000000   0.000000   0.000000 
Row 104:   0.009710   0.029262  -0.116773  -0.038509  -0.119974   0.000000   0.000000   0.000000 
Row 105:   0.085045   0.000226   0.065082  -0.016494   0.098813   0.000000   0.000000   0.000000 
Row 106:   0.033421  -0.017916   0.110803  -0.078200   0.004353   0.000000   0.000000   0.000000 
Row 107:  -0.058004  -0.082110   0.026211   0.070027  -0.050306   0.000000   0.000000   0.000000 
Row 108:  -0.087920  -0.054080   0.065079  -0.005112   0.068875   0.000000   0.000000   0.000000 
Row 109:   0.047503   0.031087  -0.011284  -0.037418  -0.034134   0.000000   0.000000   0.000000 
Row 110:  -0.122865   0.132968  -0.076626   0.027175  -0.133727   0.000000   0.000000   0.000000 
Row 111:   0.034742  -0.061415  -0.068243   0.101405   0.059623   0.000000   0.000000   0.000000 
Row 112:  -0.009067   0.027489  -0.047714  -0.041237   0.002970   0.000000   0.000000   0.000000 
Row 113:  -0.009633  -0.049081  -0.051227   0.003831   0.034721   0.000000   0.000000   0.000000 
Row 114:  -0.066631  -0.008535   0.023390   0.105626  -0.075982   0.000000   0.000000   0.000000 
Row 115:  -0.003400  -0.055790  -0.018075   0.065120  -0.080578   0.000000   0.000000   0.000000 
Row 116:  -0.013335  -0.076744  -0.173026   0.063434  -0.116110   0.000000   0.000000   0.000000 
Row 117:  -0.011601   0.071070   0.122546   0.044794  -0.001437   0.000000   0.000000   0.000000 
Row 118:  -0.034529  -0.072486   0.016274   0.112088  -0.069454   0.000000   0.000000   0.000000 
Row 119:   0.035813   0.012812   0.104997  -0.089974   0.000552   0.000000   0.000000   0.000000 
Row 120:   0.028793   0.025816   0.003356   0.113588  -0.059381   0.000000   0.000000   0.000000 
Row 121:  -0.051712   0.013639   0.063041   0.148376  -0.104551   0.000000   0.000000   0.000000 
Row 122:   0.098411  -0.042708   0.006532  -0.088695   0.086393   0.000000   0.000000   0.000000 
Row 123:  -0.023394  -0.105616  -0.062224   0.020360   0.062625   0.000000   0.000000   0.000000 
Row 124:  -0.015072   0.089394   0.068479   0.035802  -0.036769   0.000000   0.000000   0.000000 
Row 125:   0.109027  -0.036983   0.105033  -0.007384   0.058331   0.000000   0.000000   0.000000 
Row 126:   0.080682   0.032512  -0.077534  -0.033501  -0.092592   0.000000   0.000000   0.000000 
Row 127:   0.035652   0.015655   0.072494   0.033111   0.089983   0.000000   0.000000   0.000000 
Row 128:   0.049165   0.070778   0.017881   0.048734  -0.048751   0.000000   0.000000   0.000000 
Row 129:   0.043428   0.029135   0.102875   0.039349  -0.056503   0.000000   0.000000   0.000000 
Row 130:   0.033283   0.004373   0.007797   0.010556   0.123195   0.000000   0.000000   0.000000 
Row 131:   0.087533   0.015810   0.030844  -0.076127   0.121553   0.000000   0.000000   0.000000 
Row 132:  -0.012647  -0.068565   0.079001   0.066770  -0.105583   0.000000   0.000000   0.000000 
Row 133:   0.049551  -0.021455  -0.004572   0.002660   0.064300   0.000000   0.000000   0.000000 
Row 134:   0.032591  -0.060037   0.067569  -0.046906  -0.065211   0.000000   0.000000   0.000000 
Row 135:  -0.083197   0.048139  -0.052960   0.011686   0.008752   0.000000   0.000000   0.000000 
Row 136:   0.084161   0.050311   0.009892  -0.093008   0.014666   0.000000   0.000000   0.000000 
Row 137:   0.010494   0.009228  -0.089317  -0.054881   0.030499   0.000000   0.000000   0.000000 
Row 138:  -0.027993  -0.038682  -0.107521  -0.003687   0.020939   0.000000   0.000000   0.000000 
Row 139:   0.030129   0.046183   0.049816  -0.084453   0.002440   0.000000   0.000000   0.000000 
Row 140:  -0.025793   0.046228  -0.064561   0.089139  -0.059013   0.000000   0.000000   0.000000 
Row 141:   0.074594  -0.052424  -0.027627   0.041056  -0.074020   0.000000   0.000000   0.000000 
Row 142:   0.023440   0.085422  -0.116371   0.088606   0.069498   0.000000   0.000000   0.000000 
Row 143:  -0.010627  -0.031822  -0.054950   0.036390   0.071349   0.000000   0.000000   0.000000 
Row 144:   0.092425   0.075935   0.154659   0.067772  -0.053466   0.000000   0.000000   0.000000 
Row 145:  -0.026865  -0.009894  -0.096857  -0.094365  -0.043727   0.000000   0.000000   0.000000 
Row 146:   0.049560   0.011010   0.035445  -0.008361  -0.058095   0.000000   0.000000   0.000000 
Row 147:   0.029817   0.087959  -0.126761  -0.009470  -0.069451   0.000000   0.000000   0.000000 
Row 148:   0.055075   0.046285  -0.091594   0.075612  -0.080117   0.000000   0.000000   0.000000 
Row 149:   0.045652  -0.110293  -0.003559   0.029114   0.078662   0.000000   0.000000   0.000000 
Row 150:   0.104379  -0.065417   0.070712  -0.043930  -0.090001   0.000000   0.000000   0.000000 
Row 151:  -0.010469  -0.072764  -0.069477   0.002786  -0.053709   0.000000   0.000000   0.000000 
Row 152:  -0.104871   0.000663   0.061268   0.052366   0.021298   0.000000   0.000000   0.000000 
Row 153:  -0.064444   0.069781   0.096164  -0.018530  -0.045672   0.000000   0.000000   0.000000 
Row 154:  -0.012211  -0.034890  -0.076927   0.060178   0.019489   0.000000   0.000000   0.000000 
Row 155:  -0.007318  -0.009154   0.016778  -0.110227  -0.054300   0.000000   0.000000   0.000000 
Row 156:  -0.064910  -0.086173   0.105542  -0.019010  -0.127244   0.000000   0.000000   0.000000 
Row 157:   0.011729  -0.011314   0.021799  -0.045088   0.111375   0.000000   0.000000   0.000000 
Row 158:  -0.021476   0.076262  -0.057844   0.065100  -0.104965   0.000000   0.000000   0.000000 
Row 159:   0.048346   0.067787   0.059474   0.021131   0.009558   0.000000   0.000000   0.000000 
Row 160:  -0.010925   0.086297  -0.004850   0.083041   0.016590   0.000000   0.000000   0.000000 
Row 161:  -0.055034   0.018536  -0.025221  -0.016713   0.129429   0.000000   0.000000   0.000000 
Row 162:  -0.048127   0.041702   0.164932  -0.043347  -0.010461   0.000000   0.000000   0.000000 
Row 163:   0.049893   0.010706  -0.056460  -0.049885  -0.077665   0.000000   0.000000   0.000000 
Row 164:  -0.019226  -0.008879   0.090394  -0.088517  -0.057927   0.000000   0.000000   0.000000 
Row 165:  -0.005362  -0.050949  -0.052833  -0.124286  -0.019317   0.000000   0.000000   0.000000 
Row 166:   0.071894   0.020573  -0.081973   0.050008   0.120045   0.000000   0.000000   0.000000 
Row 167:  -0.080908  -0.094540   0.102615   0.012676  -0.030467   0.000000   0.000000   0.000000 
Row 168:   0.073856  -0.047152  -0.044808   0.050015   0.102318   0.000000   0.000000   0.000000 
Row 169:  -0.000588  -0.039674   0.006256  -0.010541  -0.032673   0.000000   0.000000   0.000000 
Row 170:  -0.044003  -0.011463  -0.034335  -0.086283  -0.013223   0.000000   0.000000   0.000000 
Row 171:  -0.102916  -0.002134  -0.069334  -0.005459  -0.073672   0.000000   0.000000   0.000000 
Row 172:  -0.090456  -0.093356   0.111075   0.082692  -0.080401   0.000000   0.000000   0.000000 
Row 173:   0.076295   0.140622  -0.019578  -0.060499   0.067304   0.000000   0.000000   0.000000 
Row 174:   0.049558   0.028931  -0.011229   0.039676   0.073658   0.000000   0.000000   0.000000 
Row 175:  -0.042351   0.053829  -0.009863  -0.059605  -0.084441   0.000000   0.000000   0.000000 
Row 176:  -0.047344  -0.009536  -0.043191  -0.043266  -0.042566   0.000000   0.000000   0.000000 
Row 177:  -0.021947  -0.121397  -0.033132  -0.091379   0.036680   0.000000   0.000000   0.000000 
Row 178:  -0.041630   0.074267  -0.078835   0.109954  -0.022730   0.000000   0.000000   0.000000 
Row 179:  -0.030657  -0.063773  -0.031005   0.076853   0.008572   0.000000   0.000000   0.000000 
Row 180:  -0.057179  -0.106555   0.046464   0.002206   0.010505   0.000000   0.000000   0.000000 
Row 181:   0.055702   0.014429  -0.068379  -0.050745  -0.075595   0.000000   0.000000   0.000000 
Row 182:   0.081213  -0.100007  -0.046278   0.074380   0.080776   0.000000   0.000000   0.000000 
Row 183:  -0.048871   0.028522  -0.055403  -0.019010   0.094674   0.000000   0.000000   0.000000 
Row 184:   0.115331  -0.098910  -0.105236  -0.003377  -0.045134   0.000000   0.000000   0.000000 
Row 185:  -0.079264  -0.049576   0.092040  -0.084042  -0.051943   0.000000   0.000000   0.000000 
Row 186:  -0.007743  -0.067947   0.002628   0.005115  -0.129459   0.000000   0.000000   0.000000 
Row 187:  -0.115101  -0.002487   0.004647   0.034887   0.082209   0.000000   0.000000   0.000000 
Row 188:   0.023463   0.009987   0.090415  -0.091832   0.107424   0.000000   0.000000   0.000000 
Row 189:   0.025179  -0.089252  -0.086898  -0.009216   0.049359   0.000000   0.000000   0.000000 
Row 190:  -0.071812   0.083194  -0.021504  -0.064769  -0.152266   0.000000   0.000000   0.000000 
Row 191:   0.059095   0.065549   0.039634  -0.006103  -0.165889   0.000000   0.000000   0.000000 
Row 192:  -0.054325  -0.053747  -0.054586   0.029991   0.135546   0.000000   0.000000   0.000000 
Row 193:  -0.005964   0.042416  -0.098848  -0.086843   0.005027   0.000000   0.000000   0.000000 
Row 194:  -0.039798   0.076766  -0.009256   0.074986   0.103195   0.000000   0.000000   0.000000 
Row 195:  -0.096651  -0.010632   0.039537   0.023424  -0.117244   0.000000   0.000000   0.000000 
Row 196:   0.058911  -0.092080   0.053214   0.021613  -0.052592   0.000000   0.000000   0.000000 
Row 197:  -0.082690   0.067708  -0.059639  -0.049300  -0.054211   0.000000   0.000000   0.000000 
Row 198:   0.047342  -0.034494  -0.032877  -0.013653   0.016918   0.000000   0.000000   0.000000 
Row 199:  -0.003804  -0.018139   0.088208   0.079423  -0.110892   0.000000   0.000000   0.000000 
Row 200:  -0.068750  -0.010333   0.053791  -0.079964  -0.086390   0.000000   0.000000   0.000000 
Row 201:  -0.098330  -0.035994  -0.092518  -0.022848   0.095868   0.000000   0.000000   0.000000 
Row 202:  -0.084366   0.068875   0.000224  -0.055150   0.100824   0.000000   0.000000   0.000000 
Row 203:   0.067128   0.046844  -0.059291  -0.063497  -0.085366   0.000000   0.000000   0.000000 
Row 204:  -0.079627  -0.005821   0.109688   0.072885   0.062844   0.000000   0.000000   0.000000 
Row 205:  -0.056999   0.032110  -0.008494  -0.038479   0.075304   0.000000   0.000000   0.000000 
Row 206:  -0.100480   0.059803  -0.016194  -0.023022   0.020989   0.000000   0.000000   0.000000 
Row 207:  -0.073662   0.059516   0.079728   0.078752  -0.019336   0.000000   0.000000   0.000000 
Row 208:   0.072271   0.025352   0.110046   0.031734   0.123744   0.000000   0.000000   0.000000 
Row 209:   0.088872  -0.048528   0.056773  -0.082091  -0.003150   0.000000   0.000000   0.000000 
Row 210:  -0.100384   0.034618   0.119420   0.046834   0.121818   0.000000   0.000000   0.000000 
Row 211:  -0.011880  -0.009072  -0.081728   0.094493   0.083178   0.000000   0.000000   0.000000 
Row 212:  -0.008689  -0.042894  -0.046215   0.082167   0.111509   0.000000   0.000000   0.000000 
Row 213:   0.072772  -0.065271  -0.066104   0.059036   0.062979   0.000000   0.000000   0.000000 
Row 214:   0.121681  -0.000768  -0.025630  -0.024123  -0.145265   0.000000   0.000000   0.000000 
Row 215:  -0.099243   0.016891   0.130791  -0.049599   0.043567   0.000000   0.000000   0.000000 
Row 216:   0.083965   0.064196   0.013803  -0.057675   0.125053   0.000000   0.000000   0.000000 
Row 217:   0.034646  -0.038630   0.093263   0.045614   0.077254   0.000000   0.000000   0.000000 
Row 218:   0.045099  -0.008100  -0.013345   0.037428   0.074327   0.000000   0.000000   0.000000 
Row 219:  -0.042194  -0.090392   0.024279   0.012081  -0.079419   0.000000   0.000000   0.000000 
Row 220:  -0.032705   0.041976  -0.078784   0.021401  -0.156106   0.000000   0.000000   0.000000 
Row 221:  -0.061069  -0.039823   0.008530  -0.023803  -0.102723   0.000000   0.000000   0.000000 
Row 222:  -0.057555   0.037790   0.035288  -0.042179  -0.104744   0.000000   0.000000   0.000000 
Row 223:  -0.073139  -0.042744   0.003675   0.004735   0.026779   0.000000   0.000000   0.000000 
Row 224:  -0.038058  -0.008466   0.017345  -0.002443   0.159736   0.000000   0.000000   0.000000 
Row 225:   0.053645  -0.083320   0.060177  -0.002306  -0.132467   0.000000   0.000000   0.000000 
Row 226:  -0.043217   0.072549  -0.024342   0.057347  -0.139515   0.000000   0.000000   0.000000 
Row 227:  -0.079860  -0.045030   0.077297  -0.023667   0.058621   0.000000   0.000000   0.000000 
Row 228:  -0.000621  -0.023684  -0.076709   0.018283  -0.076036   0.000000   0.000000   0.000000 
Row 229:  -0.057033  -0.027076   0.050392   0.034802  -0.076641   0.000000   0.000000   0.000000 
Row 230:  -0.001506  -0.075156   0.092481   0.067483  -0.055724   0.000000   0.000000   0.000000 
Row 231:  -0.023029  -0.086276  -0.095835   0.043203  -0.082723   0.000000   0.000000   0.000000 
Row 232:   0.039271  -0.013721  -0.026865   0.087504   0.113443   0.000000   0.000000   0.000000 
Row 233:   0.074917   0.039722   0.032727   0.033252   0.128034   0.000000   0.000000   0.000000 
Row 234:  -0.008380   0.034379  -0.049229  -0.046358   0.052223   0.000000   0.000000   0.000000 
Row 235:   0.031810   0.094056   0.111226   0.002917  -0.012941   0.000000   0.000000   0.000000 
Row 236:  -0.109430   0.069525  -0.098189  -0.067127  -0.109485   0.000000   0.000000   0.000000 
Row 237:   0.088297   0.068713  -0.013742  -0.089282   0.056586   0.000000   0.000000   0.000000 
Row 238:   0.077263   0.015390  -0.076494  -0.008396   0.107515   0.000000   0.000000   0.000000 
Row 239:   0.091676  -0.045635   0.052580  -0.017118   0.060275   0.000000   0.000000   0.000000 
Row 240:  -0.017400   0.040615  -0.055643  -0.065121  -0.155421   0.000000   0.000000   0.000000 
Row 241:  -0.042430   0.072806   0.052899  -0.026397   0.080203   0.000000   0.000000   0.000000 
Row 242:  -0.002481  -0.093935   0.009098   0.047147  -0.025790   0.000000   0.000000   0.000000 
Row 243:   0.028724   0.030714   0.047656   0.056664   0.096256   0.000000   0.000000   0.000000 
Row 244:   0.093541   0.012911   0.038287  -0.069478   0.014050   0.000000   0.000000   0.000000 
Row 245:   0.110450  -0.019509   0.055224  -0.023730   0.112521   0.000000   0.000000   0.000000 
Row 246:  -0.092618   0.052160  -0.098484  -0.083150   0.068549   0.000000   0.000000   0.000000 
Row 247:   0.093157   0.055348  -0.059684   0.026889  -0.138562   0.000000   0.000000   0.000000 
Row 248:   0.069203  -0.058519   0.013401  -0.043600   0.130373   0.000000   0.000000   0.000000 
Row 249:   0.034823  -0.036815   0.063604   0.024722  -0.142935   0.000000   0.000000   0.000000 
Row 250:  -0.045417   0.071152  -0.050277  -0.042142  -0.159861   0.000000   0.000000   0.000000 
Row 251:  -0.043402  -0.067791  -0.004249  -0.005449   0.115894   0.000000   0.000000   0.000000 
Row 252:   0.052969  -0.047873   0.007236   0.071397   0.013379   0.000000   0.000000   0.000000 
Row 253:   0.082854  -0.000654   0.012726   0.001861   0.087638   0.000000   0.000000   0.000000 
Row 254:   0.094104  -0.004153   0.041610  -0.092842  -0.032276   0.000000   0.000000   0.000000 
Row 255:   0.063453   0.046805   0.041922  -0.056784  -0.146408   0.000000   0.000000   0.000000 
Row 256:  -0.038943   0.059556   0.178160  -0.069296   0.018316   0.000000   0.000000   0.000000 
Row 257:   0.051235   0.049647  -0.031031  -0.101991  -0.088186   0.000000   0.000000   0.000000 
Row 258:  -0.050156   0.033717  -0.074627  -0.046305  -0.122244   0.000000   0.000000   0.000000 
Row 259:   0.099979  -0.075217  -0.038757  -0.034312   0.123398   0.000000   0.000000   0.000000 
Row 260:   0.071732   0.028399   0.061496  -0.054911   0.122789   0.000000   0.000000   0.000000 
Row 261:  -0.058003  -0.000695   0.080099   0.042086  -0.111648   0.000000   0.000000   0.000000 
Row 262:  -0.057229   0.046308  -0.082317  -0.044609   0.082264   0.000000   0.000000   0.000000 
Row 263:   0.068863   0.070908   0.125781  -0.053399  -0.006987   0.000000   0.000000   0.000000 
Row 264:  -0.030818   0.092403  -0.074627  -0.059140  -0.038214   0.000000   0.000000   0.000000 
Row 265:   0.048355  -0.050196  -0.058449  -0.029930   0.075342   0.000000   0.000000   0.000000 
Row 266:  -0.065824   0.103734  -0.061324  -0.085610   0.043614   0.000000   0.000000   0.000000 
Row 267:  -0.019651   0.011155  -0.030753  -0.067784   0.058497   0.000000   0.000000   0.000000 
Row 268:   0.094928  -0.020485  -0.001834  -0.054235   0.114078   0.000000   0.000000   0.000000 
Row 269:  -0.038594   0.041775   0.077335  -0.000481   0.068781   0.000000   0.000000   0.000000 
Row 270:  -0.087902  -0.021149   0.071914  -0.074389   0.004331   0.000000   0.000000   0.000000 
Row 271:   0.004320  -0.019221  -0.017522   0.020689   0.126235   0.000000   0.000000   0.000000 
Row 272:  -0.013984   0.093815  -0.062183   0.050068  -0.065714   0.000000   0.000000   0.000000 
Row 273:  -0.043573  -0.060261  -0.079975   0.086486  -0.124393   0.000000   0.000000   0.000000 
Row 274:  -0.075943   0.075622  -0.082042  -0.099072  -0.024113   0.000000   0.000000   0.000000 
Row 275:  -0.060316  -0.022663  -0.013135   0.100039   0.007284   0.000000   0.000000   0.000000 
Row 276:  -0.000556  -0.097456   0.062881   0.041047  -0.095456   0.000000   0.000000   0.000000 
Row 277:   0.064800  -0.026806  -0.013398  -0.054943   0.099975   0.000000   0.000000   0.000000 
Row 278:   0.029789  -0.015285   0.011303  -0.106051  -0.037635   0.000000   0.000000   0.000000 
Row 279:   0.018709   0.018834   0.081789   0.025115  -0.047952   0.000000   0.000000   0.000000 
Row 280:  -0.092473   0.017886   0.043862   0.014650   0.068558   0.000000   0.000000   0.000000 
Row 281:   0.040581  -0.065683  -0.071091  -0.020744   0.126625   0.000000   0.000000   0.000000 
Row 282:   0.041429  -0.086102   0.064358   0.063570   0.041509   0.000000   0.000000   0.000000 
Row 283:   0.064110  -0.087450  -0.034510   0.013327  -0.035066   0.000000   0.000000   0.000000 
Row 284:  -0.025121  -0.016633   0.019248  -0.018294   0.040082   0.000000   0.000000   0.000000 
Row 285:  -0.167239   0.026769   0.062907  -0.001881  -0.022783   0.000000   0.000000   0.000000 
Row 286:  -0.112675  -0.065438  -0.002337   0.009331  -0.033101   0.000000   0.000000   0.000000 
Row 287:  -0.063945   0.060992  -0.068109  -0.047063   0.033045   0.000000   0.000000   0.000000 
Row 288:   0.046999   0.002754  -0.094468  -0.028003   0.070327   0.000000   0.000000   0.000000 
Row 289:   0.004670   0.030817  -0.005067  -0.043926   0.035620   0.000000   0.000000   0.000000 
Row 290:   0.029295   0.025985   0.048321  -0.060952  -0.071190   0.000000   0.000000   0.000000 
Row 291:  -0.072524   0.088747  -0.058535  -0.073632  -0.108198   0.000000   0.000000   0.000000 
Row 292:  -0.089292  -0.036132  -0.120513   0.010118  -0.167860   0.000000   0.000000   0.000000 
Row 293:   0.004604   0.040816   0.089850  -0.073049   0.127178   0.000000   0.000000   0.000000 
Row 294:   0.023914  -0.068033   0.020240  -0.045770  -0.069863   0.000000   0.000000   0.000000 
Row 295:  -0.142216   0.021203  -0.048212  -0.070664   0.110340   0.000000   0.000000   0.000000 
Row 296:   0.026863  -0.010158   0.028462   0.049492   0.082389   0.000000   0.000000   0.000000 
Row 297:   0.113248   0.100789   0.106961  -0.057121   0.016400   0.000000   0.000000   0.000000 
Row 298:   0.051841   0.128529   0.039825  -0.042942  -0.089677   0.000000   0.000000   0.000000 
Row 299:   0.094070  -0.024713  -0.089454   0.030988  -0.061927   0.000000   0.000000   0.000000 
Row 300:   0.004195   0.024386   0.095317   0.025897  -0.005022   0.000000   0.000000   0.000000 
Row 301:   0.006986  -0.088295   0.073176   0.090333   0.038883   0.000000   0.000000   0.000000 
Row 302:   0.078127   0.037642  -0.001959   0.084672   0.030304   0.000000   0.000000   0.000000 
Row 303:  -0.102340   0.028564   0.002100  -0.052479  -0.030864   0.000000   0.000000   0.000000 
Row 304:   0.004981   0.030856  -0.193526  -0.064952  -0.070001   0.000000   0.000000   0.000000 
Row 305:   0.041441  -0.034498   0.034605   0.040663  -0.066865   0.000000   0.000000   0.000000 
Row 306:   0.038035  -0.049856  -0.024764  -0.029241  -0.010823   0.000000   0.000000   0.000000 
Row 307:   0.083446  -0.043672   0.082704   0.045106  -0.034874   0.000000   0.000000   0.000000 
Row 308:  -0.054019  -0.019922  -0.176213   0.062621  -0.108119   0.000000   0.000000   0.000000 
Row 309:  -0.113188  -0.014772   0.017146   0.106365  -0.072739   0.000000   0.000000   0.000000 
Row 310:   0.062846  -0.051215  -0.043951  -0.055850  -0.002145   0.000000   0.000000   0.000000 
Row 311:   0.071759   0.012619   0.043342  -0.027107   0.075426   0.000000   0.000000   0.000000 
Row 312:   0.038080  -0.005601   0.055764   0.006282   0.127370   0.000000   0.000000   0.000000 
Row 313:   0.009737   0.052506  -0.023590   0.017518   0.156735   0.000000   0.000000   0.000000 
Row 314:   0.038144   0.077427   0.015022  -0.000724  -0.031322   0.000000   0.000000   0.000000 
Row 315:  -0.063400   0.021982  -0.091160   0.053139   0.035225   0.000000   0.000000   0.000000 
Row 316:  -0.080071   0.043214   0.102169   0.048311  -0.104588   0.000000   0.000000   0.000000 
Row 317:   0.082956   0.030252  -0.078741  -0.093976   0.057568   0.000000   0.000000   0.000000 
Row 318:   0.145823  -0.103435   0.034748   0.075366   0.122311   0.000000   0.000000   0.000000 
Row 319:   0.032147  -0.040083   0.051208   0.086595   0.133947   0.000000   0.000000   0.000000 
Row 320:   0.078436   0.122316  -0.037855   0.127638   0.018871   0.000000   0.000000   0.000000 
Row 321:   0.059976  -0.093348   0.043960  -0.039071  -0.086529   0.000000   0.000000   0.000000 
Row 322:  -0.043731   0.011323   0.089552   0.001508  -0.068425   0.000000   0.000000   0.000000 
Row 323:   0.037162  -0.095001  -0.054674   0.046642   0.037130   0.000000   0.000000   0.000000 
Row 324:  -0.083846  -0.063259  -0.063958   0.015629  -0.100554   0.000000   0.000000   0.000000 
Row 325:  -0.054145   0.060005  -0.043399  -0.115838  -0.018362   0.000000   0.000000   0.000000 
Row 326:   0.012975   0.052062   0.069450   0.100247   0.096651   0.000000   0.000000   0.000000 
Row 327:   0.024914   0.069498   0.066936  -0.101431   0.064542   0.000000   0.000000   0.000000 
Row 328:  -0.051284  -0.025441  -0.094320  -0.019647   0.153930   0.000000   0.000000   0.000000 
Row 329:   0.069655  -0.025164  -0.052497  -0.075566  -0.053421   0.000000   0.000000   0.000000 
Row 330:   0.080085   0.033855   0.039096   0.044257  -0.044844   0.000000   0.000000   0.000000 
Row 331:  -0.035289  -0.093326   0.138815  -0.029736   0.115114   0.000000   0.000000   0.000000 
Row 332:   0.113119   0.062661   0.107701   0.015348  -0.052513   0.000000   0.000000   0.000000 
Row 333:  -0.019766  -0.066739  -0.005448   0.044692   0.156009   0.000000   0.000000   0.000000 
Row 334:   0.134052   0.040410  -0.056876   0.030224   0.044249   0.000000   0.000000   0.000000 
Row 335:   0.026240   0.062305  -0.041310   0.098721   0.029242   0.000000   0.000000   0.000000 
Row 336:   0.113487  -0.017579  -0.092090   0.030608  -0.028614   0.000000   0.000000   0.000000 
Row 337:   0.110963   0.057889   0.091065   0.050782   0.044716   0.000000   0.000000   0.000000 
Row 338:   0.100777  -0.099020   0.071551   0.091514  -0.077965   0.000000   0.000000   0.000000 
Row 339:   0.001090  -0.043904   0.030549   0.011334   0.042533   0.000000   0.000000   0.000000 
Row 340:   0.058511  -0.047222   0.167319  -0.003617  -0.126574   0.000000   0.000000   0.000000 
Row 341:   0.038060   0.058471  -0.121383   0.045464  -0.113909   0.000000   0.000000   0.000000 
Row 342:   0.051887  -0.051691  -0.067597  -0.057648   0.044463   0.000000   0.000000   0.000000 
Row 343:  -0.028686  -0.106328  -0.054464  -0.119972   0.131882   0.000000   0.000000   0.000000 
Row 344:  -0.009023   0.049787   0.069140   0.014677  -0.057553   0.000000   0.000000   0.000000 
Row 345:  -0.044887  -0.085915  -0.090725  -0.006501   0.183817   0.000000   0.000000   0.000000 
Row 346:  -0.023386   0.085163   0.096486  -0.001274   0.107980   0.000000   0.000000   0.000000 
Row 347:  -0.092510  -0.012610  -0.051950   0.025880  -0.044757   0.000000   0.000000   0.000000 
Row 348:  -0.027633   0.029247   0.067478   0.023275  -0.046101   0.000000   0.000000   0.000000 
Row 349:  -0.002748   0.075814  -0.085509  -0.094378   0.074747   0.000000   0.000000   0.000000 
Row 350:  -0.025270  -0.029042   0.036532  -0.054662  -0.028195   0.000000   0.000000   0.000000 
Row 351:   0.060404  -0.105341  -0.098248   0.003676  -0.011482   0.000000   0.000000   0.000000 
Row 352:  -0.013191   0.027552  -0.077864  -0.050510   0.033642   0.000000   0.000000   0.000000 
Row 353:  -0.011433   0.020994  -0.048805   0.002576   0.083279   0.000000   0.000000   0.000000 
Row 354:   0.063929  -0.090716  -0.026504   0.030648   0.131163   0.000000   0.000000   0.000000 
Row 355:   0.081115  -0.018656  -0.047715  -0.016172  -0.005248   0.000000   0.000000   0.000000 
Row 356:   0.062066  -0.062664   0.031661   0.074612   0.117355   0.000000   0.000000   0.000000 
Row 357:   0.043429  -0.039280  -0.040543  -0.061066  -0.126871   0.000000   0.000000   0.000000 
Row 358:  -0.084432  -0.005564  -0.002353  -0.017730  -0.067651   0.000000   0.000000   0.000000 
Row 359:   0.043297  -0.012552  -0.077249  -0.024307   0.075488   0.000000   0.000000   0.000000 
Row 360:  -0.034581   0.082472   0.056596  -0.010426   0.089500   0.000000   0.000000   0.000000 
Row 361:   0.080551  -0.023856   0.007172   0.065042   0.053670   0.000000   0.000000   0.000000 
Row 362:  -0.070148  -0.062767   0.018571   0.084579   0.004251   0.000000   0.000000   0.000000 
Row 363:   0.039348   0.034778   0.015935  -0.015368   0.081028   0.000000   0.000000   0.000000 
Row 364:  -0.024572   0.031278   0.056221   0.018388   0.059022   0.000000   0.000000   0.000000 
Row 365:  -0.103142  -0.103510  -0.086090   0.025363  -0.016260   0.000000   0.000000   0.000000 
Row 366:   0.023040   0.097731   0.013075   0.120612  -0.104964   0.000000   0.000000   0.000000 
Row 367:  -0.045697   0.043900  -0.070570   0.100142  -0.021742   0.000000   0.000000   0.000000 
Row 368:  -0.093119  -0.055211   0.001457   0.057162  -0.109912   0.000000   0.000000   0.000000 
Row 369:   0.000395   0.069045  -0.086745  -0.038660   0.073288   0.000000   0.000000   0.000000 
Row 370:   0.083574  -0.094687   0.019609  -0.001607   0.004573   0.000000   0.000000   0.000000 
Row 371:   0.015456   0.052395  -0.023582   0.072697   0.018853   0.000000   0.000000   0.000000 
Row 372:   0.044509   0.043175   0.020031  -0.049006   0.143718   0.000000   0.000000   0.000000 
Row 373:   0.028925  -0.005173   0.019868   0.020406  -0.076559   0.000000   0.000000   0.000000 
Row 374:  -0.118398  -0.050616  -0.057025   0.030442  -0.156942   0.000000   0.000000   0.000000 
Row 375:  -0.015583   0.064296   0.027561   0.060111  -0.040432   0.000000   0.000000   0.000000 
